0.00000000e+000	0.00000000e+000	
6.67111408e-003	9.76017398e-006	
1.33422282e-002	1.95200578e-005	
2.00133422e-002	2.92797372e-005	
2.66844563e-002	3.90394165e-005	
3.33555704e-002	4.87990959e-005	
4.00266845e-002	5.85587753e-005	
4.66977985e-002	6.83184546e-005	
5.33689126e-002	7.80781340e-005	
6.00400267e-002	8.78378134e-005	
6.67111408e-002	9.75974927e-005	
7.33822548e-002	1.07357172e-004	
8.00533689e-002	1.17136818e-004	
8.67244830e-002	1.26923325e-004	
9.33955971e-002	1.36709832e-004	
1.00066711e-001	1.46496339e-004	
1.06737825e-001	1.56282846e-004	
1.13408939e-001	1.66069354e-004	
1.20080053e-001	1.75855861e-004	
1.26751167e-001	1.85642368e-004	
1.33422282e-001	1.95434903e-004	
1.40093396e-001	2.05244124e-004	
1.46764510e-001	2.15053346e-004	
1.53435624e-001	2.24862567e-004	
1.60106738e-001	2.34671789e-004	
1.66777852e-001	2.44481011e-004	
1.73448966e-001	2.54293297e-004	
1.80120080e-001	2.64116988e-004	
1.86791194e-001	2.73940678e-004	
1.93462308e-001	2.83764368e-004	
2.00133422e-001	2.93588058e-004	
2.06804536e-001	3.03411749e-004	
2.13475650e-001	3.13235439e-004	
2.20146765e-001	3.23059129e-004	
2.26817879e-001	3.32882819e-004	
2.33488993e-001	3.42732086e-004	
2.40160107e-001	3.52647261e-004	
2.46831221e-001	3.62562436e-004	
2.53502335e-001	3.72477612e-004	
2.60173449e-001	3.82392787e-004	
2.66844563e-001	3.92307963e-004	
2.73515677e-001	4.02223138e-004	
2.80186791e-001	4.12138314e-004	
2.86857905e-001	4.22023424e-004	
2.93529019e-001	4.31907799e-004	
3.00200133e-001	4.41792173e-004	
3.06871247e-001	4.51783283e-004	
3.13542362e-001	4.61786707e-004	
3.20213476e-001	4.71790131e-004	
3.26884590e-001	4.81793556e-004	
3.33555704e-001	4.91796980e-004	
3.40226818e-001	5.01800404e-004	
3.46897932e-001	5.11803828e-004	
3.53569046e-001	5.21807253e-004	
3.60240160e-001	5.31810677e-004	
3.66911274e-001	5.41814101e-004	
3.73582388e-001	5.51817525e-004	
3.80253502e-001	5.61830591e-004	
3.86924616e-001	5.71858177e-004	
3.93595730e-001	5.81885764e-004	
4.00266845e-001	5.91913350e-004	
4.06937959e-001	6.01940936e-004	
4.13609073e-001	6.11968523e-004	
4.20280187e-001	6.21996109e-004	
4.26951301e-001	6.32134033e-004	
4.33622415e-001	6.42380234e-004	
4.40293529e-001	6.52626435e-004	
4.46964643e-001	6.62872636e-004	
4.53635757e-001	6.73118837e-004	
4.60306871e-001	6.83365038e-004	
4.66977985e-001	6.93611239e-004	
4.73649099e-001	7.03857441e-004	
4.80320213e-001	7.14103642e-004	
4.86991328e-001	7.24349843e-004	
4.93662442e-001	7.34596295e-004	
5.00333556e-001	7.44842917e-004	
5.07004670e-001	7.55089538e-004	
5.13675784e-001	7.65394830e-004	
5.20346898e-001	7.75729630e-004	
5.27018012e-001	7.86064430e-004	
5.33689126e-001	7.96399231e-004	
5.40360240e-001	8.06734031e-004	
5.47031354e-001	8.17068831e-004	
5.53702468e-001	8.27403632e-004	
5.60373582e-001	8.37738432e-004	
5.67044696e-001	8.48073232e-004	
5.73715811e-001	8.58408033e-004	
5.80386925e-001	8.68742833e-004	
5.87058039e-001	8.79077633e-004	
5.93729153e-001	8.89412434e-004	
6.00400267e-001	8.99891355e-004	
6.07071381e-001	9.10442882e-004	
6.13742495e-001	9.20994408e-004	
6.20413609e-001	9.31545935e-004	
6.27084723e-001	9.42097461e-004	
6.33755837e-001	9.52648988e-004	
6.40426951e-001	9.63197391e-004	
6.47098065e-001	9.73738689e-004	
6.53769179e-001	9.84279986e-004	
6.60440294e-001	9.94821283e-004	
6.67111408e-001	1.00536258e-003	
6.73782522e-001	1.01590388e-003	
6.80453636e-001	1.02659252e-003	
6.87124750e-001	1.03742890e-003	
6.93795864e-001	1.04826527e-003	
7.00466978e-001	1.05910165e-003	
7.07138092e-001	1.06993802e-003	
7.13809206e-001	1.08077440e-003	
7.20480320e-001	1.09161077e-003	
7.27151434e-001	1.10243870e-003	
7.33822548e-001	1.11319165e-003	
7.40493662e-001	1.12394461e-003	
7.47164777e-001	1.13469756e-003	
7.53835891e-001	1.14545052e-003	
7.60507005e-001	1.15620347e-003	
7.67178119e-001	1.16733205e-003	
7.73849233e-001	1.17853495e-003	
7.80520347e-001	1.18973785e-003	
7.87191461e-001	1.20074039e-003	
7.93862575e-001	1.21172461e-003	
8.00533689e-001	1.22270884e-003	
8.07204803e-001	1.23369306e-003	
8.13875917e-001	1.24467729e-003	
8.20547031e-001	1.25566151e-003	
8.27218145e-001	1.26664573e-003	
8.33889260e-001	1.27762996e-003	
8.40560374e-001	1.28861418e-003	
8.47231488e-001	1.29959841e-003	
8.53902602e-001	1.31088338e-003	
8.60573716e-001	1.32224455e-003	
8.67244830e-001	1.33360571e-003	
8.73915944e-001	1.34496687e-003	
8.80587058e-001	1.35632804e-003	
8.87258172e-001	1.36768920e-003	
8.93929286e-001	1.37905037e-003	
9.00600400e-001	1.39046334e-003	
9.07271514e-001	1.40188177e-003	
9.13942628e-001	1.41333002e-003	
9.20613742e-001	1.42485021e-003	
9.27284857e-001	1.43637040e-003	
9.33955971e-001	1.44789058e-003	
9.40627085e-001	1.45941077e-003	
9.47298199e-001	1.47093096e-003	
9.53969313e-001	1.48245115e-003	
9.60640427e-001	1.49397134e-003	
9.67311541e-001	1.50549153e-003	
9.73982655e-001	1.51701171e-003	
9.80653769e-001	1.52889162e-003	
9.87324883e-001	1.54081369e-003	
9.93995997e-001	1.55273577e-003	
1.00066711e+000	1.56465784e-003	
1.00733823e+000	1.57657991e-003	
1.01400934e+000	1.58850199e-003	
1.02068045e+000	1.60042406e-003	
1.02735157e+000	1.61218952e-003	
1.03402268e+000	1.62392146e-003	
1.04069380e+000	1.63565339e-003	
1.04736491e+000	1.64762622e-003	
1.05403602e+000	1.65983476e-003	
1.06070714e+000	1.67204330e-003	
1.06737825e+000	1.68425184e-003	
1.07404937e+000	1.69646038e-003	
1.08072048e+000	1.70864231e-003	
1.08739159e+000	1.72079924e-003	
1.09406271e+000	1.73295618e-003	
1.10073382e+000	1.74511311e-003	
1.10740494e+000	1.75727004e-003	
1.11407605e+000	1.76942697e-003	
1.12074716e+000	1.78158390e-003	
1.12741828e+000	1.79374083e-003	
1.13408939e+000	1.80589776e-003	
1.14076051e+000	1.81817645e-003	
1.14743162e+000	1.83081237e-003	
1.15410274e+000	1.84344830e-003	
1.16077385e+000	1.85608423e-003	
1.16744496e+000	1.86872015e-003	
1.17411608e+000	1.88135608e-003	
1.18078719e+000	1.89399200e-003	
1.18745831e+000	1.90662793e-003	
1.19412942e+000	1.91926386e-003	
1.20080053e+000	1.93190958e-003	
1.20747165e+000	1.94455740e-003	
1.21414276e+000	1.95720521e-003	
1.22081388e+000	1.96985303e-003	
1.22748499e+000	1.98250085e-003	
1.23415610e+000	1.99547954e-003	
1.24082722e+000	2.00862275e-003	
1.24749833e+000	2.02176596e-003	
1.25416945e+000	2.03490917e-003	
1.26084056e+000	2.04805238e-003	
1.26751167e+000	2.06119559e-003	
1.27418279e+000	2.07433880e-003	
1.28085390e+000	2.08748201e-003	
1.28752502e+000	2.10062522e-003	
1.29419613e+000	2.11376843e-003	
1.30086724e+000	2.12675694e-003	
1.30753836e+000	2.13976817e-003	
1.31420947e+000	2.15328580e-003	
1.32088059e+000	2.16679314e-003	
1.32755170e+000	2.18029990e-003	
1.33422282e+000	2.19380665e-003	
1.34089393e+000	2.20731340e-003	
1.34756504e+000	2.22082015e-003	
1.35423616e+000	2.23432690e-003	
1.36090727e+000	2.24783366e-003	
1.36757839e+000	2.26134041e-003	
1.37424950e+000	2.27484716e-003	
1.38092061e+000	2.28835391e-003	
1.38759173e+000	2.30186067e-003	
1.39426284e+000	2.31550672e-003	
1.40093396e+000	2.32948995e-003	
1.40760507e+000	2.34347318e-003	
1.41427618e+000	2.35745641e-003	
1.42094730e+000	2.37143964e-003	
1.42761841e+000	2.38542287e-003	
1.43428953e+000	2.39940610e-003	
1.44096064e+000	2.41354052e-003	
1.44763175e+000	2.42792481e-003	
1.45430287e+000	2.44230910e-003	
1.46097398e+000	2.45669340e-003	
1.46764510e+000	2.47107769e-003	
1.47431621e+000	2.48546198e-003	
1.48098732e+000	2.49984627e-003	
1.48765844e+000	2.51423057e-003	
1.49432955e+000	2.52861486e-003	
1.50100067e+000	2.54299915e-003	
1.50767178e+000	2.55738344e-003	
1.51434290e+000	2.57176774e-003	
1.52101401e+000	2.58609019e-003	
1.52768512e+000	2.60033692e-003	
1.53435624e+000	2.61481237e-003	
1.54102735e+000	2.62985456e-003	
1.54769847e+000	2.64499520e-003	
1.55436958e+000	2.66026891e-003	
1.56104069e+000	2.67554261e-003	
1.56771181e+000	2.69081632e-003	
1.57438292e+000	2.70609003e-003	
1.58105404e+000	2.72136373e-003	
1.58772515e+000	2.73663744e-003	
1.59439626e+000	2.75191114e-003	
1.60106738e+000	2.76712625e-003	
1.60773849e+000	2.78225131e-003	
1.61440961e+000	2.79737636e-003	
1.62108072e+000	2.81250142e-003	
1.62775183e+000	2.82762647e-003	
1.63442295e+000	2.84275153e-003	
1.64109406e+000	2.85787658e-003	
1.64776518e+000	2.87300164e-003	
1.65443629e+000	2.88853362e-003	
1.66110740e+000	2.90472192e-003	
1.66777852e+000	2.92091022e-003	
1.67444963e+000	2.93698543e-003	
1.68112075e+000	2.95295551e-003	
1.68779186e+000	2.96892560e-003	
1.69446298e+000	2.98489568e-003	
1.70113409e+000	3.00086576e-003	
1.70780520e+000	3.01683584e-003	
1.71447632e+000	3.03280593e-003	
1.72114743e+000	3.04877601e-003	
1.72781855e+000	3.06474609e-003	
1.73448966e+000	3.08071617e-003	
1.74116077e+000	3.09668626e-003	
1.74783189e+000	3.11265634e-003	
1.75450300e+000	3.12862642e-003	
1.76117412e+000	3.14459650e-003	
1.76784523e+000	3.16118346e-003	
1.77451634e+000	3.17816933e-003	
1.78118746e+000	3.19515519e-003	
1.78785857e+000	3.21214106e-003	
1.79452969e+000	3.22912692e-003	
1.80120080e+000	3.24611279e-003	
1.80787191e+000	3.26309865e-003	
1.81454303e+000	3.28008452e-003	
1.82121414e+000	3.29690704e-003	
1.82788526e+000	3.31365718e-003	
1.83455637e+000	3.33040733e-003	
1.84122748e+000	3.34715747e-003	
1.84789860e+000	3.36390761e-003	
1.85456971e+000	3.38122306e-003	
1.86124083e+000	3.39886249e-003	
1.86791194e+000	3.41650191e-003	
1.87458306e+000	3.43414133e-003	
1.88125417e+000	3.45176787e-003	
1.88792528e+000	3.46939279e-003	
1.89459640e+000	3.48701771e-003	
1.90126751e+000	3.50464264e-003	
1.90793863e+000	3.52226756e-003	
1.91460974e+000	3.53989248e-003	
1.92128085e+000	3.55751740e-003	
1.92795197e+000	3.57514232e-003	
1.93462308e+000	3.59276724e-003	
1.94129420e+000	3.61117536e-003	
1.94796531e+000	3.62978841e-003	
1.95463642e+000	3.64840147e-003	
1.96130754e+000	3.66701453e-003	
1.96797865e+000	3.68562758e-003	
1.97464977e+000	3.70424064e-003	
1.98132088e+000	3.72285369e-003	
1.98799199e+000	3.74146675e-003	
1.99466311e+000	3.76007981e-003	
2.00133422e+000	3.77869286e-003	
2.00800534e+000	3.79730592e-003	
2.01467645e+000	3.81606711e-003	
2.02134757e+000	3.83548757e-003	
2.02801868e+000	3.85485477e-003	
2.03468979e+000	3.87422196e-003	
2.04136091e+000	3.89358915e-003	
2.04803202e+000	3.91295634e-003	
2.05470314e+000	3.93232354e-003	
2.06137425e+000	3.95169073e-003	
2.06804536e+000	3.97105792e-003	
2.07471648e+000	3.99042511e-003	
2.08138759e+000	4.00979231e-003	
2.08805871e+000	4.02915950e-003	
2.09472982e+000	4.04852669e-003	
2.10140093e+000	4.06789388e-003	
2.10807205e+000	4.08726107e-003	
2.11474316e+000	4.10662827e-003	
2.12141428e+000	4.12599546e-003	
2.12808539e+000	4.14536265e-003	
2.13475650e+000	4.16529221e-003	
2.14142762e+000	4.18556304e-003	
2.14809873e+000	4.20609483e-003	
2.15476985e+000	4.22680358e-003	
2.16144096e+000	4.24751234e-003	
2.16811207e+000	4.26822109e-003	
2.17478319e+000	4.28892984e-003	
2.18145430e+000	4.30963859e-003	
2.18812542e+000	4.33034734e-003	
2.19479653e+000	4.35105609e-003	
2.20146765e+000	4.37176484e-003	
2.20813876e+000	4.39247359e-003	
2.21480987e+000	4.41318235e-003	
2.22148099e+000	4.43389110e-003	
2.22815210e+000	4.45459985e-003	
2.23482322e+000	4.47530860e-003	
2.24149433e+000	4.49655886e-003	
2.24816544e+000	4.51826380e-003	
2.25483656e+000	4.53996875e-003	
2.26150767e+000	4.56167370e-003	
2.26817879e+000	4.58346176e-003	
2.27484990e+000	4.60558827e-003	
2.28152101e+000	4.62771477e-003	
2.28819213e+000	4.64984128e-003	
2.29486324e+000	4.67196779e-003	
2.30153436e+000	4.69409430e-003	
2.30820547e+000	4.71622081e-003	
2.31487658e+000	4.73834732e-003	
2.32154770e+000	4.76047383e-003	
2.32821881e+000	4.78260034e-003	
2.33488993e+000	4.80472685e-003	
2.34156104e+000	4.82685336e-003	
2.34823215e+000	4.84909360e-003	
2.35490327e+000	4.87135626e-003	
2.36157438e+000	4.89361891e-003	
2.36824550e+000	4.91693465e-003	
2.37491661e+000	4.94038190e-003	
2.38158773e+000	4.96382914e-003	
2.38825884e+000	4.98710610e-003	
2.39492995e+000	5.01033697e-003	
2.40160107e+000	5.03356784e-003	
2.40827218e+000	5.05679871e-003	
2.41494330e+000	5.08002958e-003	
2.42161441e+000	5.10326046e-003	
2.42828552e+000	5.12649133e-003	
2.43495664e+000	5.14972220e-003	
2.44162775e+000	5.17336671e-003	
2.44829887e+000	5.19801770e-003	
2.45496998e+000	5.22266870e-003	
2.46164109e+000	5.24731969e-003	
2.46831221e+000	5.27197068e-003	
2.47498332e+000	5.29662168e-003	
2.48165444e+000	5.32127267e-003	
2.48832555e+000	5.34592367e-003	
2.49499666e+000	5.37057466e-003	
2.50166778e+000	5.39526923e-003	
2.50833889e+000	5.42009443e-003	
2.51501001e+000	5.44491962e-003	
2.52168112e+000	5.46974482e-003	
2.52835223e+000	5.49482400e-003	
2.53502335e+000	5.52009002e-003	
2.54169446e+000	5.54535605e-003	
2.54836558e+000	5.57062208e-003	
2.55503669e+000	5.59588810e-003	
2.56170781e+000	5.62115413e-003	
2.56837892e+000	5.64642015e-003	
2.57505003e+000	5.67168618e-003	
2.58172115e+000	5.69695221e-003	
2.58839226e+000	5.72238545e-003	
2.59506338e+000	5.74931881e-003	
2.60173449e+000	5.77625217e-003	
2.60840560e+000	5.80318553e-003	
2.61507672e+000	5.83011889e-003	
2.62174783e+000	5.85705226e-003	
2.62841895e+000	5.88398562e-003	
2.63509006e+000	5.91091898e-003	
2.64176117e+000	5.93785234e-003	
2.64843229e+000	5.96478571e-003	
2.65510340e+000	5.99104758e-003	
2.66177452e+000	6.01729483e-003	
2.66844563e+000	6.04354207e-003	
2.67511674e+000	6.06978931e-003	
2.68178786e+000	6.09804996e-003	
2.68845897e+000	6.12638660e-003	
2.69513009e+000	6.15472324e-003	
2.70180120e+000	6.18305988e-003	
2.70847231e+000	6.21139653e-003	
2.71514343e+000	6.23973317e-003	
2.72181454e+000	6.26806981e-003	
2.72848566e+000	6.29614251e-003	
2.73515677e+000	6.32386021e-003	
2.74182789e+000	6.35157791e-003	
2.74849900e+000	6.37929562e-003	
2.75517011e+000	6.40701332e-003	
2.76184123e+000	6.43649595e-003	
2.76851234e+000	6.46628288e-003	
2.77518346e+000	6.49606982e-003	
2.78185457e+000	6.52585675e-003	
2.78852568e+000	6.55564369e-003	
2.79519680e+000	6.58521110e-003	
2.80186791e+000	6.61451797e-003	
2.80853903e+000	6.64382483e-003	
2.81521014e+000	6.67313170e-003	
2.82188125e+000	6.70243857e-003	
2.82855237e+000	6.73174543e-003	
2.83522348e+000	6.76105230e-003	
2.84189460e+000	6.79035917e-003	
2.84856571e+000	6.82092908e-003	
2.85523682e+000	6.85204454e-003	
2.86190794e+000	6.88316000e-003	
2.86857905e+000	6.91427546e-003	
2.87525017e+000	6.94539093e-003	
2.88192128e+000	6.97650639e-003	
2.88859239e+000	7.00762185e-003	
2.89526351e+000	7.03873731e-003	
2.90193462e+000	7.06985278e-003	
2.90860574e+000	7.10096824e-003	
2.91527685e+000	7.13208370e-003	
2.92194797e+000	7.16352741e-003	
2.92861908e+000	7.19612778e-003	
2.93529019e+000	7.22872815e-003	
2.94196131e+000	7.26132852e-003	
2.94863242e+000	7.29392890e-003	
2.95530354e+000	7.32640094e-003	
2.96197465e+000	7.35874465e-003	
2.96864576e+000	7.39108837e-003	
2.97531688e+000	7.42343209e-003	
2.98198799e+000	7.45577580e-003	
2.98865911e+000	7.48811952e-003	
2.99533022e+000	7.52046324e-003	
3.00200133e+000	7.55280696e-003	
3.00867245e+000	7.58551772e-003	
3.01534356e+000	7.61925699e-003	
3.02201468e+000	7.65299626e-003	
3.02868579e+000	7.68673553e-003	
3.03535690e+000	7.72047481e-003	
3.04202802e+000	7.75421408e-003	
3.04869913e+000	7.78795335e-003	
3.05537025e+000	7.82296134e-003	
3.06204136e+000	7.85802186e-003	
3.06871247e+000	7.89308237e-003	
3.07538359e+000	7.92814288e-003	
3.08205470e+000	7.96320339e-003	
3.08872582e+000	7.99826391e-003	
3.09539693e+000	8.03332442e-003	
3.10206805e+000	8.06838493e-003	
3.10873916e+000	8.10407627e-003	
3.11541027e+000	8.14008269e-003	
3.12208139e+000	8.17608911e-003	
3.12875250e+000	8.21209553e-003	
3.13542362e+000	8.24893995e-003	
3.14209473e+000	8.28605067e-003	
3.14876584e+000	8.32316138e-003	
3.15543696e+000	8.36027210e-003	
3.16210807e+000	8.39738282e-003	
3.16877919e+000	8.43449353e-003	
3.17545030e+000	8.47160425e-003	
3.18212141e+000	8.50871496e-003	
3.18879253e+000	8.54582568e-003	
3.19546364e+000	8.58293640e-003	
3.20213476e+000	8.62004711e-003	
3.20880587e+000	8.65715783e-003	
3.21547698e+000	8.69426855e-003	
3.22214810e+000	8.73137926e-003	
3.22881921e+000	8.76848998e-003	
3.23549033e+000	8.80560955e-003	
3.24216144e+000	8.84424417e-003	
3.24883256e+000	8.88287879e-003	
3.25550367e+000	8.92165244e-003	
3.26217478e+000	8.96167798e-003	
3.26884590e+000	9.00170353e-003	
3.27551701e+000	9.04172907e-003	
3.28218813e+000	9.08175462e-003	
3.28885924e+000	9.12178016e-003	
3.29553035e+000	9.16180570e-003	
3.30220147e+000	9.20183125e-003	
3.30887258e+000	9.24124158e-003	
3.31554370e+000	9.28046183e-003	
3.32221481e+000	9.31968207e-003	
3.32888592e+000	9.35890232e-003	
3.33555704e+000	9.39958374e-003	
3.34222815e+000	9.44177046e-003	
3.34889927e+000	9.48395718e-003	
3.35557038e+000	9.52614390e-003	
3.36224149e+000	9.56833063e-003	
3.36891261e+000	9.61009330e-003	
3.37558372e+000	9.65165915e-003	
3.38225484e+000	9.69322500e-003	
3.38892595e+000	9.73479084e-003	
3.39559706e+000	9.77635669e-003	
3.40226818e+000	9.81792254e-003	
3.40893929e+000	9.85948838e-003	
3.41561041e+000	9.90105423e-003	
3.42228152e+000	9.94457152e-003	
3.42895264e+000	9.98911987e-003	
3.43562375e+000	1.00332792e-002	
3.44229486e+000	1.00759378e-002	
3.44896598e+000	1.01185964e-002	
3.45563709e+000	1.01612551e-002	
3.46230821e+000	1.02039137e-002	
3.46897932e+000	1.02465723e-002	
3.47565043e+000	1.02892310e-002	
3.48232155e+000	1.03338166e-002	
3.48899266e+000	1.03798285e-002	
3.49566378e+000	1.04258404e-002	
3.50233489e+000	1.04718523e-002	
3.50900600e+000	1.05178642e-002	
3.51567712e+000	1.05638858e-002	
3.52234823e+000	1.06099190e-002	
3.52901935e+000	1.06559521e-002	
3.53569046e+000	1.07019852e-002	
3.54236157e+000	1.07480183e-002	
3.54903269e+000	1.07940515e-002	
3.55570380e+000	1.08400846e-002	
3.56237492e+000	1.08861177e-002	
3.56904603e+000	1.09321508e-002	
3.57571714e+000	1.09783969e-002	
3.58238826e+000	1.10262961e-002	
3.58905937e+000	1.10741954e-002	
3.59573049e+000	1.11220946e-002	
3.60240160e+000	1.11699939e-002	
3.60907272e+000	1.12178931e-002	
3.61574383e+000	1.12670656e-002	
3.62241494e+000	1.13168591e-002	
3.62908606e+000	1.13666525e-002	
3.63575717e+000	1.14164460e-002	
3.64242829e+000	1.14662394e-002	
3.64909940e+000	1.15160329e-002	
3.65577051e+000	1.15658263e-002	
3.66244163e+000	1.16156198e-002	
3.66911274e+000	1.16654132e-002	
3.67578386e+000	1.17152067e-002	
3.68245497e+000	1.17656233e-002	
3.68912608e+000	1.18170256e-002	
3.69579720e+000	1.18684279e-002	
3.70246831e+000	1.19198302e-002	
3.70913943e+000	1.19712325e-002	
3.71581054e+000	1.20226348e-002	
3.72248165e+000	1.20740371e-002	
3.72915277e+000	1.21254394e-002	
3.73582388e+000	1.21768417e-002	
3.74249500e+000	1.22297211e-002	
3.74916611e+000	1.22827207e-002	
3.75583722e+000	1.23357204e-002	
3.76250834e+000	1.23887200e-002	
3.76917945e+000	1.24417196e-002	
3.77585057e+000	1.24947192e-002	
3.78252168e+000	1.25477189e-002	
3.78919280e+000	1.26007185e-002	
3.79586391e+000	1.26537409e-002	
3.80253502e+000	1.27087869e-002	
3.80920614e+000	1.27638329e-002	
3.81587725e+000	1.28188789e-002	
3.82254837e+000	1.28739248e-002	
3.82921948e+000	1.29289708e-002	
3.83589059e+000	1.29840168e-002	
3.84256171e+000	1.30390628e-002	
3.84923282e+000	1.30941088e-002	
3.85590394e+000	1.31521904e-002	
3.86257505e+000	1.32104255e-002	
3.86924616e+000	1.32686607e-002	
3.87591728e+000	1.33268958e-002	
3.88258839e+000	1.33851310e-002	
3.88925951e+000	1.34433661e-002	
3.89593062e+000	1.35016013e-002	
3.90260173e+000	1.35598364e-002	
3.90927285e+000	1.36180716e-002	
3.91594396e+000	1.36763067e-002	
3.92261508e+000	1.37345419e-002	
3.92928619e+000	1.37927770e-002	
3.93595730e+000	1.38510122e-002	
3.94262842e+000	1.39092473e-002	
3.94929953e+000	1.39674825e-002	
3.95597065e+000	1.40257176e-002	
3.96264176e+000	1.40839528e-002	
3.96931288e+000	1.41438739e-002	
3.97598399e+000	1.42043520e-002	
3.98265510e+000	1.42654625e-002	
3.98932622e+000	1.43276527e-002	
3.99599733e+000	1.43898429e-002	
4.00266845e+000	1.44520331e-002	
4.00933956e+000	1.45142233e-002	
4.01601067e+000	1.45764135e-002	
4.02268179e+000	1.46386037e-002	
4.02935290e+000	1.47007938e-002	
4.03602402e+000	1.47629840e-002	
4.04269513e+000	1.48251742e-002	
4.04936624e+000	1.48873644e-002	
4.05603736e+000	1.49495546e-002	
4.06270847e+000	1.50117448e-002	
4.06937959e+000	1.50746536e-002	
4.07605070e+000	1.51387682e-002	
4.08272181e+000	1.52028828e-002	
4.08939293e+000	1.52669974e-002	
4.09606404e+000	1.53311120e-002	
4.10273516e+000	1.53963240e-002	
4.10940627e+000	1.54636622e-002	
4.11607738e+000	1.55310004e-002	
4.12274850e+000	1.55983386e-002	
4.12941961e+000	1.56656768e-002	
4.13609073e+000	1.57330150e-002	
4.14276184e+000	1.58003532e-002	
4.14943296e+000	1.58676914e-002	
4.15610407e+000	1.59350296e-002	
4.16277518e+000	1.60023461e-002	
4.16944630e+000	1.60695680e-002	
4.17611741e+000	1.61385308e-002	
4.18278853e+000	1.62091785e-002	
4.18945964e+000	1.62798261e-002	
4.19613075e+000	1.63504738e-002	
4.20280187e+000	1.64211214e-002	
4.20947298e+000	1.64917690e-002	
4.21614410e+000	1.65624167e-002	
4.22281521e+000	1.66330643e-002	
4.22948632e+000	1.67037120e-002	
4.23615744e+000	1.67743596e-002	
4.24282855e+000	1.68450072e-002	
4.24949967e+000	1.69156549e-002	
4.25617078e+000	1.69863025e-002	
4.26284189e+000	1.70568863e-002	
4.26951301e+000	1.71273508e-002	
4.27618412e+000	1.71978153e-002	
4.28285524e+000	1.72733555e-002	
4.28952635e+000	1.73497442e-002	
4.29619746e+000	1.74261329e-002	
4.30286858e+000	1.75025216e-002	
4.30953969e+000	1.75789104e-002	
4.31621081e+000	1.76535516e-002	
4.32288192e+000	1.77278115e-002	
4.32955304e+000	1.78020713e-002	
4.33622415e+000	1.78763312e-002	
4.34289526e+000	1.79505911e-002	
4.34956638e+000	1.80248509e-002	
4.35623749e+000	1.80991108e-002	
4.36290861e+000	1.81733707e-002	
4.36957972e+000	1.82492633e-002	
4.37625083e+000	1.83297609e-002	
4.38292195e+000	1.84102585e-002	
4.38959306e+000	1.84907560e-002	
4.39626418e+000	1.85712536e-002	
4.40293529e+000	1.86517511e-002	
4.40960640e+000	1.87322487e-002	
4.41627752e+000	1.88127462e-002	
4.42294863e+000	1.88932438e-002	
4.42961975e+000	1.89732720e-002	
4.43629086e+000	1.90517994e-002	
4.44296197e+000	1.91303268e-002	
4.44963309e+000	1.92088542e-002	
4.45630420e+000	1.92873816e-002	
4.46297532e+000	1.93706103e-002	
4.46964643e+000	1.94546920e-002	
4.47631755e+000	1.95385428e-002	
4.48298866e+000	1.96217856e-002	
4.48965977e+000	1.97050284e-002	
4.49633089e+000	1.97882712e-002	
4.50300200e+000	1.98715140e-002	
4.50967312e+000	1.99547568e-002	
4.51634423e+000	2.00379996e-002	
4.52301534e+000	2.01212424e-002	
4.52968646e+000	2.02044852e-002	
4.53635757e+000	2.02877279e-002	
4.54302869e+000	2.03709707e-002	
4.54969980e+000	2.04547036e-002	
4.55637091e+000	2.05446304e-002	
4.56304203e+000	2.06345571e-002	
4.56971314e+000	2.07244838e-002	
4.57638426e+000	2.08144105e-002	
4.58305537e+000	2.09043372e-002	
4.58972648e+000	2.09942639e-002	
4.59639760e+000	2.10841906e-002	
4.60306871e+000	2.11757841e-002	
4.60973983e+000	2.12681128e-002	
4.61641094e+000	2.13604415e-002	
4.62308205e+000	2.14527702e-002	
4.62975317e+000	2.15450989e-002	
4.63642428e+000	2.16374276e-002	
4.64309540e+000	2.17297564e-002	
4.64976651e+000	2.18220851e-002	
4.65643763e+000	2.19144138e-002	
4.66310874e+000	2.20067425e-002	
4.66977985e+000	2.20990712e-002	
4.67645097e+000	2.21914000e-002	
4.68312208e+000	2.22837287e-002	
4.68979320e+000	2.23760574e-002	
4.69646431e+000	2.24683861e-002	
4.70313542e+000	2.25607148e-002	
4.70980654e+000	2.26535807e-002	
4.71647765e+000	2.27466850e-002	
4.72314877e+000	2.28397893e-002	
4.72981988e+000	2.29395488e-002	
4.73649099e+000	2.30407102e-002	
4.74316211e+000	2.31418717e-002	
4.74983322e+000	2.32430331e-002	
4.75650434e+000	2.33441946e-002	
4.76317545e+000	2.34453560e-002	
4.76984656e+000	2.35445404e-002	
4.77651768e+000	2.36434052e-002	
4.78318879e+000	2.37422700e-002	
4.78985991e+000	2.38411348e-002	
4.79653102e+000	2.39399996e-002	
4.80320213e+000	2.40388644e-002	
4.80987325e+000	2.41377291e-002	
4.81654436e+000	2.42365939e-002	
4.82321548e+000	2.43378643e-002	
4.82988659e+000	2.44421699e-002	
4.83655771e+000	2.45464756e-002	
4.84322882e+000	2.46524632e-002	
4.84989993e+000	2.47598651e-002	
4.85657105e+000	2.48672670e-002	
4.86324216e+000	2.49746689e-002	
4.86991328e+000	2.50820708e-002	
4.87658439e+000	2.51894727e-002	
4.88325550e+000	2.52968746e-002	
4.88992662e+000	2.54042765e-002	
4.89659773e+000	2.55116784e-002	
4.90326885e+000	2.56190803e-002	
4.90993996e+000	2.57264822e-002	
4.91661107e+000	2.58338841e-002	
4.92328219e+000	2.59412860e-002	
4.92995330e+000	2.60486879e-002	
4.93662442e+000	2.61565940e-002	
4.94329553e+000	2.62691686e-002	
4.94996664e+000	2.63854196e-002	
4.95663776e+000	2.65006745e-002	
4.96330887e+000	2.66151244e-002	
4.96997999e+000	2.67295743e-002	
4.97665110e+000	2.68440242e-002	
4.98332221e+000	2.69584741e-002	
4.98999333e+000	2.70729240e-002	
4.99666444e+000	2.71873739e-002	
5.00333556e+000	2.73018238e-002	
5.01000667e+000	2.74162737e-002	
5.01667779e+000	2.75307236e-002	
5.02334890e+000	2.76451736e-002	
5.03002001e+000	2.77596235e-002	
5.03669113e+000	2.78740734e-002	
5.04336224e+000	2.79885233e-002	
5.05003336e+000	2.81029732e-002	
5.05670447e+000	2.82174231e-002	
5.06337558e+000	2.83318730e-002	
5.07004670e+000	2.84468875e-002	
5.07671781e+000	2.85727181e-002	
5.08338893e+000	2.86985487e-002	
5.09006004e+000	2.88243794e-002	
5.09673115e+000	2.89502100e-002	
5.10340227e+000	2.90760407e-002	
5.11007338e+000	2.92018713e-002	
5.11674450e+000	2.93277019e-002	
5.12341561e+000	2.94535326e-002	
5.13008672e+000	2.95793632e-002	
5.13675784e+000	2.97051939e-002	
5.14342895e+000	2.98310245e-002	
5.15010007e+000	2.99568551e-002	
5.15677118e+000	3.00826858e-002	
5.16344229e+000	3.02085164e-002	
5.17011341e+000	3.03343470e-002	
5.17678452e+000	3.04599541e-002	
5.18345564e+000	3.05840019e-002	
5.19012675e+000	3.07080496e-002	
5.19679787e+000	3.08320974e-002	
5.20346898e+000	3.09588940e-002	
5.21014009e+000	3.10891783e-002	
5.21681121e+000	3.12232869e-002	
5.22348232e+000	3.13573956e-002	
5.23015344e+000	3.14915042e-002	
5.23682455e+000	3.16256129e-002	
5.24349566e+000	3.17597215e-002	
5.25016678e+000	3.18938302e-002	
5.25683789e+000	3.20279388e-002	
5.26350901e+000	3.21620475e-002	
5.27018012e+000	3.22961561e-002	
5.27685123e+000	3.24302648e-002	
5.28352235e+000	3.25643734e-002	
5.29019346e+000	3.26984821e-002	
5.29686458e+000	3.28385821e-002	
5.30353569e+000	3.29817567e-002	
5.31020680e+000	3.31249314e-002	
5.31687792e+000	3.32681060e-002	
5.32354903e+000	3.34112806e-002	
5.33022015e+000	3.35544552e-002	
5.33689126e+000	3.36953000e-002	
5.34356237e+000	3.38348452e-002	
5.35023349e+000	3.39743904e-002	
5.35690460e+000	3.41139357e-002	
5.36357572e+000	3.42534809e-002	
5.37024683e+000	3.43930262e-002	
5.37691795e+000	3.45325714e-002	
5.38358906e+000	3.46766857e-002	
5.39026017e+000	3.48284584e-002	
5.39693129e+000	3.49802311e-002	
5.40360240e+000	3.51318362e-002	
5.41027352e+000	3.52783957e-002	
5.41694463e+000	3.54249552e-002	
5.42361574e+000	3.55715147e-002	
5.43028686e+000	3.57180742e-002	
5.43695797e+000	3.58646337e-002	
5.44362909e+000	3.60111933e-002	
5.45030020e+000	3.61639879e-002	
5.45697131e+000	3.63212738e-002	
5.46364243e+000	3.64785597e-002	
5.47031354e+000	3.66358456e-002	
5.47698466e+000	3.67931315e-002	
5.48365577e+000	3.69504174e-002	
5.49032688e+000	3.71077032e-002	
5.49699800e+000	3.72649891e-002	
5.50366911e+000	3.74222750e-002	
5.51034023e+000	3.75795609e-002	
5.51701134e+000	3.77368468e-002	
5.52368245e+000	3.78948087e-002	
5.53035357e+000	3.80619736e-002	
5.53702468e+000	3.82264288e-002	
5.54369580e+000	3.83908841e-002	
5.55036691e+000	3.85553394e-002	
5.55703803e+000	3.87197946e-002	
5.56370914e+000	3.88842499e-002	
5.57038025e+000	3.90487052e-002	
5.57705137e+000	3.92131604e-002	
5.58372248e+000	3.93776157e-002	
5.59039360e+000	3.95420710e-002	
5.59706471e+000	3.97065262e-002	
5.60373582e+000	3.98709815e-002	
5.61040694e+000	4.00354368e-002	
5.61707805e+000	4.01998920e-002	
5.62374917e+000	4.03643473e-002	
5.63042028e+000	4.05288026e-002	
5.63709139e+000	4.06932578e-002	
5.64376251e+000	4.08577131e-002	
5.65043362e+000	4.10319587e-002	
5.65710474e+000	4.12102220e-002	
5.66377585e+000	4.13884853e-002	
5.67044696e+000	4.15667486e-002	
5.67711808e+000	4.17450118e-002	
5.68378919e+000	4.19232751e-002	
5.69046031e+000	4.21015384e-002	
5.69713142e+000	4.22793678e-002	
5.70380254e+000	4.24533196e-002	
5.71047365e+000	4.26272713e-002	
5.71714476e+000	4.28012231e-002	
5.72381588e+000	4.29854536e-002	
5.73048699e+000	4.31701591e-002	
5.73715811e+000	4.33538131e-002	
5.74382922e+000	4.35364862e-002	
5.75050033e+000	4.37191592e-002	
5.75717145e+000	4.39018322e-002	
5.76384256e+000	4.40845052e-002	
5.77051368e+000	4.42671782e-002	
5.77718479e+000	4.44498512e-002	
5.78385590e+000	4.46325242e-002	
5.79052702e+000	4.48151972e-002	
5.79719813e+000	4.50032285e-002	
5.80386925e+000	4.51974000e-002	
5.81054036e+000	4.53915715e-002	
5.81721147e+000	4.55857429e-002	
5.82388259e+000	4.57799144e-002	
5.83055370e+000	4.59740859e-002	
5.83722482e+000	4.61685316e-002	
5.84389593e+000	4.63639587e-002	
5.85056704e+000	4.65593858e-002	
5.85723816e+000	4.67548129e-002	
5.86390927e+000	4.69502400e-002	
5.87058039e+000	4.71456670e-002	
5.87725150e+000	4.73410941e-002	
5.88392262e+000	4.75365212e-002	
5.89059373e+000	4.77319483e-002	
5.89726484e+000	4.79343061e-002	
5.90393596e+000	4.81397225e-002	
5.91060707e+000	4.83451388e-002	
5.91727819e+000	4.85505552e-002	
5.92394930e+000	4.87559716e-002	
5.93062041e+000	4.89613879e-002	
5.93729153e+000	4.91668043e-002	
5.94396264e+000	4.93722207e-002	
5.95063376e+000	4.95776370e-002	
5.95730487e+000	4.97830534e-002	
5.96397598e+000	4.99884697e-002	
5.97064710e+000	5.01938861e-002	
5.97731821e+000	5.04094814e-002	
5.98398933e+000	5.06253388e-002	
5.99066044e+000	5.08380881e-002	
5.99733155e+000	5.10508374e-002	
6.00400267e+000	5.12635866e-002	
6.01067378e+000	5.14763359e-002	
6.01734490e+000	5.16890852e-002	
6.02401601e+000	5.19018345e-002	
6.03068712e+000	5.21145838e-002	
6.03735824e+000	5.23273330e-002	
6.04402935e+000	5.25400823e-002	
6.05070047e+000	5.27569604e-002	
6.05737158e+000	5.29856611e-002	
6.06404270e+000	5.32143618e-002	
6.07071381e+000	5.34430626e-002	
6.07738492e+000	5.36717633e-002	
6.08405604e+000	5.39004640e-002	
6.09072715e+000	5.41291647e-002	
6.09739827e+000	5.43578654e-002	
6.10406938e+000	5.45868647e-002	
6.11074049e+000	5.48162782e-002	
6.11741161e+000	5.50456917e-002	
6.12408272e+000	5.52751052e-002	
6.13075384e+000	5.55045187e-002	
6.13742495e+000	5.57460188e-002	
6.14409606e+000	5.59879151e-002	
6.15076718e+000	5.62298114e-002	
6.15743829e+000	5.64717078e-002	
6.16410941e+000	5.67136041e-002	
6.17078052e+000	5.69555004e-002	
6.17745163e+000	5.71973968e-002	
6.18412275e+000	5.74392931e-002	
6.19079386e+000	5.76811894e-002	
6.19746498e+000	5.79230857e-002	
6.20413609e+000	5.81649821e-002	
6.21080720e+000	5.84068784e-002	
6.21747832e+000	5.86487747e-002	
6.22414943e+000	5.88906710e-002	
6.23082055e+000	5.91325674e-002	
6.23749166e+000	5.93744637e-002	
6.24416278e+000	5.96163600e-002	
6.25083389e+000	5.98548131e-002	
6.25750500e+000	6.00931798e-002	
6.26417612e+000	6.03321725e-002	
6.27084723e+000	6.05895301e-002	
6.27751835e+000	6.08512280e-002	
6.28418946e+000	6.11179987e-002	
6.29086057e+000	6.13847694e-002	
6.29753169e+000	6.16435066e-002	
6.30420280e+000	6.19007390e-002	
6.31087392e+000	6.21579714e-002	
6.31754503e+000	6.24152038e-002	
6.32421614e+000	6.26724361e-002	
6.33088726e+000	6.29296685e-002	
6.33755837e+000	6.31869009e-002	
6.34422949e+000	6.34441333e-002	
6.35090060e+000	6.37013656e-002	
6.35757171e+000	6.39585980e-002	
6.36424283e+000	6.42255396e-002	
6.37091394e+000	6.44963888e-002	
6.37758506e+000	6.47672381e-002	
6.38425617e+000	6.50380873e-002	
6.39092728e+000	6.53089366e-002	
6.39759840e+000	6.55797859e-002	
6.40426951e+000	6.58604864e-002	
6.41094063e+000	6.61449737e-002	
6.41761174e+000	6.64294609e-002	
6.42428286e+000	6.67139482e-002	
6.43095397e+000	6.69984355e-002	
6.43762508e+000	6.72829227e-002	
6.44429620e+000	6.75674100e-002	
6.45096731e+000	6.78518973e-002	
6.45763843e+000	6.81363845e-002	
6.46430954e+000	6.84208718e-002	
6.47098065e+000	6.87053591e-002	
6.47765177e+000	6.89888501e-002	
6.48432288e+000	6.92704380e-002	
6.49099400e+000	6.95520260e-002	
6.49766511e+000	6.98336139e-002	
6.50433622e+000	7.01312791e-002	
6.51100734e+000	7.04365718e-002	
6.51767845e+000	7.07418646e-002	
6.52434957e+000	7.10471573e-002	
6.53102068e+000	7.13524501e-002	
6.53769179e+000	7.16577428e-002	
6.54436291e+000	7.19555847e-002	
6.55103402e+000	7.22525582e-002	
6.55770514e+000	7.25495317e-002	
6.56437625e+000	7.28465053e-002	
6.57104736e+000	7.31434788e-002	
6.57771848e+000	7.34404524e-002	
6.58438959e+000	7.37374259e-002	
6.59106071e+000	7.40343995e-002	
6.59773182e+000	7.43561498e-002	
6.60440294e+000	7.46811228e-002	
6.61107405e+000	7.50060958e-002	
6.61774516e+000	7.53303235e-002	
6.62441628e+000	7.56470959e-002	
6.63108739e+000	7.59638683e-002	
6.63775851e+000	7.62806407e-002	
6.64442962e+000	7.65974131e-002	
6.65110073e+000	7.69141855e-002	
6.65777185e+000	7.72309579e-002	
6.66444296e+000	7.75477302e-002	
6.67111408e+000	7.78645026e-002	
6.67778519e+000	7.81812750e-002	
6.68445630e+000	7.84980474e-002	
6.69112742e+000	7.88227163e-002	
6.69779853e+000	7.91539357e-002	
6.70446965e+000	7.94851550e-002	
6.71114076e+000	7.98163744e-002	
6.71781187e+000	8.01475938e-002	
6.72448299e+000	8.04788131e-002	
6.73115410e+000	8.08100325e-002	
6.73782522e+000	8.11494278e-002	
6.74449633e+000	8.14957338e-002	
6.75116744e+000	8.18420397e-002	
6.75783856e+000	8.21883457e-002	
6.76450967e+000	8.25346517e-002	
6.77118079e+000	8.28809576e-002	
6.77785190e+000	8.32272636e-002	
6.78452302e+000	8.35735695e-002	
6.79119413e+000	8.39198755e-002	
6.79786524e+000	8.42661814e-002	
6.80453636e+000	8.46124874e-002	
6.81120747e+000	8.49587933e-002	
6.81787859e+000	8.53065138e-002	
6.82454970e+000	8.56562968e-002	
6.83122081e+000	8.60060797e-002	
6.83789193e+000	8.63636473e-002	
6.84456304e+000	8.67351061e-002	
6.85123416e+000	8.71065648e-002	
6.85790527e+000	8.74780235e-002	
6.86457638e+000	8.78494822e-002	
6.87124750e+000	8.82209409e-002	
6.87791861e+000	8.85923996e-002	
6.88458973e+000	8.89638584e-002	
6.89126084e+000	8.93353171e-002	
6.89793195e+000	8.97067758e-002	
6.90460307e+000	9.00782345e-002	
6.91127418e+000	9.04496932e-002	
6.91794530e+000	9.08211519e-002	
6.92461641e+000	9.11926106e-002	
6.93128753e+000	9.15724563e-002	
6.93795864e+000	9.19552422e-002	
6.94462975e+000	9.23400183e-002	
6.95130087e+000	9.27247945e-002	
6.95797198e+000	9.31095707e-002	
6.96464310e+000	9.34943468e-002	
6.97131421e+000	9.38791230e-002	
6.97798532e+000	9.42638992e-002	
6.98465644e+000	9.46486753e-002	
6.99132755e+000	9.50334515e-002	
6.99799867e+000	9.54182276e-002	
7.00466978e+000	9.58109562e-002	
7.01134089e+000	9.62168368e-002	
7.01801201e+000	9.66227174e-002	
7.02468312e+000	9.70285980e-002	
7.03135424e+000	9.74344786e-002	
7.03802535e+000	9.78403592e-002	
7.04469646e+000	9.82462398e-002	
7.05136758e+000	9.86521204e-002	
7.05803869e+000	9.90575199e-002	
7.06470981e+000	9.94612448e-002	
7.07138092e+000	9.98824575e-002	
7.07805203e+000	1.00303479e-001	
7.08472315e+000	1.00724500e-001	
7.09139426e+000	1.01145522e-001	
7.09806538e+000	1.01566543e-001	
7.10473649e+000	1.01987565e-001	
7.11140761e+000	1.02408586e-001	
7.11807872e+000	1.02829608e-001	
7.12474983e+000	1.03250629e-001	
7.13142095e+000	1.03671651e-001	
7.13809206e+000	1.04092672e-001	
7.14476318e+000	1.04513694e-001	
7.15143429e+000	1.04934715e-001	
7.15810540e+000	1.05368963e-001	
7.16477652e+000	1.05815863e-001	
7.17144763e+000	1.06262763e-001	
7.17811875e+000	1.06709663e-001	
7.18478986e+000	1.07156563e-001	
7.19146097e+000	1.07603463e-001	
7.19813209e+000	1.08050363e-001	
7.20480320e+000	1.08497262e-001	
7.21147432e+000	1.08944162e-001	
7.21814543e+000	1.09390257e-001	
7.22481654e+000	1.09836234e-001	
7.23148766e+000	1.10282210e-001	
7.23815877e+000	1.10728187e-001	
7.24482989e+000	1.11174164e-001	
7.25150100e+000	1.11620141e-001	
7.25817211e+000	1.12066118e-001	
7.26484323e+000	1.12512095e-001	
7.27151434e+000	1.12986094e-001	
7.27818546e+000	1.13464386e-001	
7.28485657e+000	1.13942679e-001	
7.29152769e+000	1.14420972e-001	
7.29819880e+000	1.14899264e-001	
7.30486991e+000	1.15377557e-001	
7.31154103e+000	1.15855849e-001	
7.31821214e+000	1.16329210e-001	
7.32488326e+000	1.16801273e-001	
7.33155437e+000	1.17273336e-001	
7.33822548e+000	1.17745399e-001	
7.34489660e+000	1.18236768e-001	
7.35156771e+000	1.18737358e-001	
7.35823883e+000	1.19237947e-001	
7.36490994e+000	1.19738536e-001	
7.37158105e+000	1.20239126e-001	
7.37825217e+000	1.20739715e-001	
7.38492328e+000	1.21235515e-001	
7.39159440e+000	1.21727995e-001	
7.39826551e+000	1.22220475e-001	
7.40493662e+000	1.22712955e-001	
7.41160774e+000	1.23205435e-001	
7.41827885e+000	1.23697915e-001	
7.42494997e+000	1.24209546e-001	
7.43162108e+000	1.24724145e-001	
7.43829219e+000	1.25240810e-001	
7.44496331e+000	1.25774899e-001	
7.45163442e+000	1.26308988e-001	
7.45830554e+000	1.26843077e-001	
7.46497665e+000	1.27377166e-001	
7.47164777e+000	1.27911255e-001	
7.47831888e+000	1.28445344e-001	
7.48498999e+000	1.28979433e-001	
7.49166111e+000	1.29513502e-001	
7.49833222e+000	1.30039793e-001	
7.50500334e+000	1.30566085e-001	
7.51167445e+000	1.31092376e-001	
7.51834556e+000	1.31618668e-001	
7.52501668e+000	1.32144959e-001	
7.53168779e+000	1.32671250e-001	
7.53835891e+000	1.33197542e-001	
7.54503002e+000	1.33723833e-001	
7.55170113e+000	1.34250125e-001	
7.55837225e+000	1.34776416e-001	
7.56504336e+000	1.35320209e-001	
7.57171448e+000	1.35879492e-001	
7.57838559e+000	1.36438775e-001	
7.58505670e+000	1.37018179e-001	
7.59172782e+000	1.37598951e-001	
7.59839893e+000	1.38179722e-001	
7.60507005e+000	1.38760494e-001	
7.61174116e+000	1.39341265e-001	
7.61841227e+000	1.39922036e-001	
7.62508339e+000	1.40502808e-001	
7.63175450e+000	1.41083579e-001	
7.63842562e+000	1.41663931e-001	
7.64509673e+000	1.42231712e-001	
7.65176785e+000	1.42799492e-001	
7.65843896e+000	1.43367272e-001	
7.66511007e+000	1.43935052e-001	
7.67178119e+000	1.44502833e-001	
7.67845230e+000	1.45070613e-001	
7.68512342e+000	1.45638393e-001	
7.69179453e+000	1.46211801e-001	
7.69846564e+000	1.46786224e-001	
7.70513676e+000	1.47386921e-001	
7.71180787e+000	1.48007678e-001	
7.71847899e+000	1.48628436e-001	
7.72515010e+000	1.49244671e-001	
7.73182121e+000	1.49850901e-001	
7.73849233e+000	1.50457132e-001	
7.74516344e+000	1.51063362e-001	
7.75183456e+000	1.51669593e-001	
7.75850567e+000	1.52275823e-001	
7.76517678e+000	1.52882054e-001	
7.77184790e+000	1.53488284e-001	
7.77851901e+000	1.54094515e-001	
7.78519013e+000	1.54706015e-001	
7.79186124e+000	1.55353563e-001	
7.79853235e+000	1.56001112e-001	
7.80520347e+000	1.56648660e-001	
7.81187458e+000	1.57296209e-001	
7.81854570e+000	1.57943757e-001	
7.82521681e+000	1.58591306e-001	
7.83188793e+000	1.59238854e-001	
7.83855904e+000	1.59875058e-001	
7.84523015e+000	1.60507255e-001	
7.85190127e+000	1.61139451e-001	
7.85857238e+000	1.61771647e-001	
7.86524350e+000	1.62403844e-001	
7.87191461e+000	1.63036040e-001	
7.87858572e+000	1.63674664e-001	
7.88525684e+000	1.64351743e-001	
7.89192795e+000	1.65028823e-001	
7.89859907e+000	1.65705902e-001	
7.90527018e+000	1.66382981e-001	
7.91194129e+000	1.67060061e-001	
7.91861241e+000	1.67737140e-001	
7.92528352e+000	1.68414219e-001	
7.93195464e+000	1.69091299e-001	
7.93862575e+000	1.69768378e-001	
7.94529686e+000	1.70444072e-001	
7.95196798e+000	1.71118067e-001	
7.95863909e+000	1.71792062e-001	
7.96531021e+000	1.72466056e-001	
7.97198132e+000	1.73150463e-001	
7.97865243e+000	1.73856686e-001	
7.98532355e+000	1.74562908e-001	
7.99199466e+000	1.75269131e-001	
7.99866578e+000	1.75975353e-001	
8.00533689e+000	1.76681576e-001	
8.01200801e+000	1.77387798e-001	
8.01867912e+000	1.78094021e-001	
8.02535023e+000	1.78800243e-001	
8.03202135e+000	1.79506466e-001	
8.03869246e+000	1.80212689e-001	
8.04536358e+000	1.80919925e-001	
8.05203469e+000	1.81629761e-001	
8.05870580e+000	1.82339597e-001	
8.06537692e+000	1.83049433e-001	
8.07204803e+000	1.83759268e-001	
8.07871915e+000	1.84499710e-001	
8.08539026e+000	1.85259093e-001	
8.09206137e+000	1.86018476e-001	
8.09873249e+000	1.86777859e-001	
8.10540360e+000	1.87537242e-001	
8.11207472e+000	1.88287281e-001	
8.11874583e+000	1.89030445e-001	
8.12541694e+000	1.89773609e-001	
8.13208806e+000	1.90516773e-001	
8.13875917e+000	1.91259937e-001	
8.14543029e+000	1.92003100e-001	
8.15210140e+000	1.92746264e-001	
8.15877252e+000	1.93489428e-001	
8.16544363e+000	1.94262686e-001	
8.17211474e+000	1.95058331e-001	
8.17878586e+000	1.95853977e-001	
8.18545697e+000	1.96649623e-001	
8.19212809e+000	1.97445269e-001	
8.19879920e+000	1.98240915e-001	
8.20547031e+000	1.99036561e-001	
8.21214143e+000	1.99832207e-001	
8.21881254e+000	2.00607731e-001	
8.22548366e+000	2.01379839e-001	
8.23215477e+000	2.02151948e-001	
8.23882588e+000	2.02924056e-001	
8.24549700e+000	2.03696165e-001	
8.25216811e+000	2.04468273e-001	
8.25883923e+000	2.05261979e-001	
8.26551034e+000	2.06080519e-001	
8.27218145e+000	2.06899058e-001	
8.27885257e+000	2.07717597e-001	
8.28552368e+000	2.08543074e-001	
8.29219480e+000	2.09373371e-001	
8.29886591e+000	2.10203669e-001	
8.30553702e+000	2.11033966e-001	
8.31220814e+000	2.11864264e-001	
8.31887925e+000	2.12694561e-001	
8.32555037e+000	2.13524859e-001	
8.33222148e+000	2.14355156e-001	
8.33889260e+000	2.15185454e-001	
8.34556371e+000	2.16015751e-001	
8.35223482e+000	2.16846049e-001	
8.35890594e+000	2.17677955e-001	
8.36557705e+000	2.18515936e-001	
8.37224817e+000	2.19353917e-001	
8.37891928e+000	2.20191898e-001	
8.38559039e+000	2.21029879e-001	
8.39226151e+000	2.21869288e-001	
8.39893262e+000	2.22747678e-001	
8.40560374e+000	2.23626068e-001	
8.41227485e+000	2.24504458e-001	
8.41894596e+000	2.25382849e-001	
8.42561708e+000	2.26261239e-001	
8.43228819e+000	2.27139629e-001	
8.43895931e+000	2.28018019e-001	
8.44563042e+000	2.28896409e-001	
8.45230153e+000	2.29772922e-001	
8.45897265e+000	2.30646757e-001	
8.46564376e+000	2.31520591e-001	
8.47231488e+000	2.32409489e-001	
8.47898599e+000	2.33323024e-001	
8.48565710e+000	2.34236559e-001	
8.49232822e+000	2.35150095e-001	
8.49899933e+000	2.36063630e-001	
8.50567045e+000	2.36977165e-001	
8.51234156e+000	2.37890700e-001	
8.51901268e+000	2.38804235e-001	
8.52568379e+000	2.39717770e-001	
8.53235490e+000	2.40631305e-001	
8.53902602e+000	2.41544840e-001	
8.54569713e+000	2.42458375e-001	
8.55236825e+000	2.43371910e-001	
8.55903936e+000	2.44285445e-001	
8.56571047e+000	2.45201344e-001	
8.57238159e+000	2.46137185e-001	
8.57905270e+000	2.47074886e-001	
8.58572382e+000	2.48027665e-001	
8.59239493e+000	2.48980444e-001	
8.59906604e+000	2.49933223e-001	
8.60573716e+000	2.50886003e-001	
8.61240827e+000	2.51838782e-001	
8.61907939e+000	2.52791561e-001	
8.62575050e+000	2.53744341e-001	
8.63242161e+000	2.54697120e-001	
8.63909273e+000	2.55649899e-001	
8.64576384e+000	2.56602679e-001	
8.65243496e+000	2.57555458e-001	
8.65910607e+000	2.58508237e-001	
8.66577718e+000	2.59461017e-001	
8.67244830e+000	2.60432206e-001	
8.67911941e+000	2.61409709e-001	
8.68579053e+000	2.62387212e-001	
8.69246164e+000	2.63392152e-001	
8.69913276e+000	2.64397514e-001	
8.70580387e+000	2.65402876e-001	
8.71247498e+000	2.66408237e-001	
8.71914610e+000	2.67413599e-001	
8.72581721e+000	2.68418960e-001	
8.73248833e+000	2.69424322e-001	
8.73915944e+000	2.70429684e-001	
8.74583055e+000	2.71435045e-001	
8.75250167e+000	2.72440407e-001	
8.75917278e+000	2.73445768e-001	
8.76584390e+000	2.74451130e-001	
8.77251501e+000	2.75456492e-001	
8.77918612e+000	2.76461853e-001	
8.78585724e+000	2.77466138e-001	
8.79252835e+000	2.78468256e-001	
8.79919947e+000	2.79470374e-001	
8.80587058e+000	2.80504886e-001	
8.81254169e+000	2.81553832e-001	
8.81921281e+000	2.82594576e-001	
8.82588392e+000	2.83623917e-001	
8.83255504e+000	2.84653259e-001	
8.83922615e+000	2.85682601e-001	
8.84589726e+000	2.86711942e-001	
8.85256838e+000	2.87741284e-001	
8.85923949e+000	2.88770626e-001	
8.86591061e+000	2.89822906e-001	
8.87258172e+000	2.90900066e-001	
8.87925284e+000	2.91977226e-001	
8.88592395e+000	2.93054387e-001	
8.89259506e+000	2.94131547e-001	
8.89926618e+000	2.95208707e-001	
8.90593729e+000	2.96285867e-001	
8.91260841e+000	2.97363027e-001	
8.91927952e+000	2.98440187e-001	
8.92595063e+000	2.99507580e-001	
8.93262175e+000	3.00601107e-001	
8.93929286e+000	3.01699409e-001	
8.94596398e+000	3.02797712e-001	
8.95263509e+000	3.03896015e-001	
8.95930620e+000	3.04994317e-001	
8.96597732e+000	3.06092620e-001	
8.97264843e+000	3.07190922e-001	
8.97931955e+000	3.08289225e-001	
8.98599066e+000	3.09387528e-001	
8.99266177e+000	3.10485830e-001	
8.99933289e+000	3.11584133e-001	
9.00600400e+000	3.12682435e-001	
9.01267512e+000	3.13780738e-001	
9.01934623e+000	3.14885748e-001	
9.02601734e+000	3.16011077e-001	
9.03268846e+000	3.17136406e-001	
9.03935957e+000	3.18266621e-001	
9.04603069e+000	3.19412672e-001	
9.05270180e+000	3.20558724e-001	
9.05937292e+000	3.21704776e-001	
9.06604403e+000	3.22850827e-001	
9.07271514e+000	3.23996879e-001	
9.07938626e+000	3.25142930e-001	
9.08605737e+000	3.26288982e-001	
9.09272849e+000	3.27435033e-001	
9.09939960e+000	3.28581085e-001	
9.10607071e+000	3.29727137e-001	
9.11274183e+000	3.30873188e-001	
9.11941294e+000	3.32019240e-001	
9.12608406e+000	3.33159544e-001	
9.13275517e+000	3.34298686e-001	
9.13942628e+000	3.35437828e-001	
9.14609740e+000	3.36578384e-001	
9.15276851e+000	3.37763306e-001	
9.15943963e+000	3.38933991e-001	
9.16611074e+000	3.40104676e-001	
9.17278185e+000	3.41275361e-001	
9.17945297e+000	3.42446046e-001	
9.18612408e+000	3.43616731e-001	
9.19279520e+000	3.44787416e-001	
9.19946631e+000	3.45958101e-001	
9.20613742e+000	3.47128786e-001	
9.21280854e+000	3.48299471e-001	
9.21947965e+000	3.49470156e-001	
9.22615077e+000	3.50640841e-001	
9.23282188e+000	3.51851853e-001	
9.23949300e+000	3.53069082e-001	
9.24616411e+000	3.54286310e-001	
9.25283522e+000	3.55503539e-001	
9.25950634e+000	3.56720767e-001	
9.26617745e+000	3.57937996e-001	
9.27284857e+000	3.59155224e-001	
9.27951968e+000	3.60372453e-001	
9.28619079e+000	3.61589681e-001	
9.29286191e+000	3.62806910e-001	
9.29953302e+000	3.64024138e-001	
9.30620414e+000	3.65241367e-001	
9.31287525e+000	3.66458595e-001	
9.31954636e+000	3.67675824e-001	
9.32621748e+000	3.68893052e-001	
9.33288859e+000	3.70110281e-001	
9.33955971e+000	3.71325612e-001	
9.34623082e+000	3.72539315e-001	
9.35290193e+000	3.73779409e-001	
9.35957305e+000	3.75032240e-001	
9.36624416e+000	3.76279572e-001	
9.37291528e+000	3.77524771e-001	
9.37958639e+000	3.78769970e-001	
9.38625751e+000	3.80015169e-001	
9.39292862e+000	3.81260368e-001	
9.39959973e+000	3.82505567e-001	
9.40627085e+000	3.83750766e-001	
9.41294196e+000	3.84995965e-001	
9.41961308e+000	3.86241164e-001	
9.42628419e+000	3.87486363e-001	
9.43295530e+000	3.88731562e-001	
9.43962642e+000	3.89976761e-001	
9.44629753e+000	3.91221960e-001	
9.45296865e+000	3.92467159e-001	
9.45963976e+000	3.93733318e-001	
9.46631087e+000	3.95002264e-001	
9.47298199e+000	3.96271210e-001	
9.47965310e+000	3.97540157e-001	
9.48632422e+000	3.98808493e-001	
9.49299533e+000	4.00075770e-001	
9.49966644e+000	4.01343046e-001	
9.50633756e+000	4.02610323e-001	
9.51300867e+000	4.03877600e-001	
9.51967979e+000	4.05144876e-001	
9.52635090e+000	4.06412153e-001	
9.53302201e+000	4.07687857e-001	
9.53969313e+000	4.08981245e-001	
9.54636424e+000	4.10274632e-001	
9.55303536e+000	4.11568019e-001	
9.55970647e+000	4.12861407e-001	
9.56637759e+000	4.14154794e-001	
9.57304870e+000	4.15448182e-001	
9.57971981e+000	4.16741569e-001	
9.58639093e+000	4.18034848e-001	
9.59306204e+000	4.19327693e-001	
9.59973316e+000	4.20629489e-001	
9.60640427e+000	4.21931997e-001	
9.61307538e+000	4.23234506e-001	
9.61974650e+000	4.24537014e-001	
9.62641761e+000	4.25839522e-001	
9.63308873e+000	4.27142031e-001	
9.63975984e+000	4.28444539e-001	
9.64643095e+000	4.29747047e-001	
9.65310207e+000	4.31049555e-001	
9.65977318e+000	4.32352064e-001	
9.66644430e+000	4.33654572e-001	
9.67311541e+000	4.34957080e-001	
9.67978652e+000	4.36264154e-001	
9.68645764e+000	4.37572706e-001	
9.69312875e+000	4.38888643e-001	
9.69979987e+000	4.40204579e-001	
9.70647098e+000	4.41520516e-001	
9.71314209e+000	4.42836452e-001	
9.71981321e+000	4.44152389e-001	
9.72648432e+000	4.45468325e-001	
9.73315544e+000	4.46784261e-001	
9.73982655e+000	4.48100198e-001	
9.74649767e+000	4.49416134e-001	
9.75316878e+000	4.50732071e-001	
9.75983989e+000	4.52050648e-001	
9.76651101e+000	4.53374357e-001	
9.77318212e+000	4.54698066e-001	
9.77985324e+000	4.56021776e-001	
9.78652435e+000	4.57345485e-001	
9.79319546e+000	4.58676716e-001	
9.79986658e+000	4.60008082e-001	
9.80653769e+000	4.61339449e-001	
9.81320881e+000	4.62670815e-001	
9.81987992e+000	4.64002181e-001	
9.82655103e+000	4.65333548e-001	
9.83322215e+000	4.66664914e-001	
9.83989326e+000	4.67996280e-001	
9.84656438e+000	4.69327039e-001	
9.85323549e+000	4.70656210e-001	
9.85990660e+000	4.71985380e-001	
9.86657772e+000	4.73314551e-001	
9.87324883e+000	4.74643722e-001	
9.87991995e+000	4.75972892e-001	
9.88659106e+000	4.77302063e-001	
9.89326217e+000	4.78631233e-001	
9.89993329e+000	4.79960404e-001	
9.90660440e+000	4.81291483e-001	
9.91327552e+000	4.82627805e-001	
9.91994663e+000	4.83964128e-001	
9.92661775e+000	4.85300451e-001	
9.93328886e+000	4.86636774e-001	
9.93995997e+000	4.87973096e-001	
9.94663109e+000	4.89309419e-001	
9.95330220e+000	4.90645742e-001	
9.95997332e+000	4.91982064e-001	
9.96664443e+000	4.93318387e-001	
9.97331554e+000	4.94654710e-001	
9.97998666e+000	4.95991032e-001	
9.98665777e+000	4.97327355e-001	
9.99332889e+000	4.98663678e-001	
1.00000000e+001	5.00000000e-001	
